# Generated by conda-lock.
# platform: win-64
# input_hash: a3c3169b48c8e4edc09dd62b04bdeaadca71d51baaba66edccb9a1687bc955fe

channels:
  - conda-forge
  - defaults
dependencies:
  - _openmp_mutex=4.5=2_gnu
  - aom=3.9.1=he0c23c2_0
  - bzip2=1.0.8=h0ad9c76_8
  - ca-certificates=2025.8.3=h4c7d964_0
  - cairo=1.18.4=h5782bbf_0
  - cuda-version=12.9=h4f385c5_3
  - dav1d=1.2.1=hcfcfb64_0
  - ffmpeg=6.1.2=gpl_h63b3451_706
  - font-ttf-dejavu-sans-mono=2.37=hab24e00_0
  - font-ttf-inconsolata=3.000=h77eed37_0
  - font-ttf-source-code-pro=2.038=h77eed37_0
  - font-ttf-ubuntu=0.83=h77eed37_3
  - fontconfig=2.15.0=h765892d_1
  - fonts-conda-ecosystem=1=0
  - fonts-conda-forge=1=0
  - freetype=2.14.1=h57928b3_0
  - giflib=5.2.2=h64bf75a_0
  - git=2.51.0=h57928b3_1
  - graphite2=1.3.14=hac47afa_2
  - harfbuzz=11.5.1=h5f2951f_0
  - icu=75.1=he0c23c2_0
  - lame=3.100=hcfcfb64_1003
  - lerc=4.0.0=h6470a55_1
  - libdeflate=1.24=h76ddb4d_0
  - libexpat=2.7.1=hac47afa_0
  - libffi=3.4.6=h537db12_1
  - libfreetype=2.14.1=h57928b3_0
  - libfreetype6=2.14.1=hdbac1cb_0
  - libgcc=15.1.0=h1383e82_5
  - libglib=2.86.0=h5f26cbf_0
  - libgomp=15.1.0=h1383e82_5
  - libiconv=1.18=hc1393d2_2
  - libintl=0.22.5=h5728263_3
  - libjpeg-turbo=3.1.0=h2466b09_0
  - liblzma=5.8.1=h2466b09_2
  - liblzma-devel=5.8.1=h2466b09_2
  - libogg=1.3.5=h2466b09_1
  - libopus=1.5.2=h2466b09_0
  - libpng=1.6.50=h7351971_1
  - libsqlite=3.50.4=hf5d6505_0
  - libstdcxx=15.1.0=h904f734_5
  - libtiff=4.7.1=h550210a_0
  - libvorbis=1.3.7=h5112557_2
  - libwebp=1.6.0=h4d5522a_0
  - libwebp-base=1.6.0=h4d5522a_0
  - libwinpthread=12.0.0.r4.gg4f2fc60ca=h57928b3_9
  - libxml2=2.13.8=h741aa76_1
  - libzlib=1.3.1=h2466b09_2
  - lua=5.4.8=h1839187_1
  - nodejs=24.8.0=he453025_0
  - ollama=0.12.2=cuda_129h34e959a_0
  - openh264=2.4.1=h63175ca_0
  - openjpeg=2.5.4=h24db6dd_0
  - openssl=3.5.3=h725018a_1
  - pandoc=3.8=h57928b3_0
  - pcre2=10.46=h3402e2f_0
  - pip=25.2=pyh8b19718_0
  - pixman=0.46.4=h5112557_1
  - python=3.11.13=h3f84c4b_0_cpython
  - setuptools=80.9.0=pyhff2d567_0
  - svt-av1=2.3.0=he0c23c2_0
  - tk=8.6.13=h2c6b04d_2
  - tzdata=2025b=h78e105d_0
  - ucrt=10.0.26100.0=h57928b3_0
  - uv=0.8.18=h2672f75_0
  - vc=14.3=h41ae7f8_31
  - vc14_runtime=14.44.35208=h818238b_31
  - vcomp14=14.44.35208=h818238b_31
  - vs2015_runtime=14.44.35208=h38c0c73_31
  - wheel=0.45.1=pyhd8ed1ab_1
  - x264=1!164.3095=h8ffe710_2
  - x265=3.5=h2d74725_3
  - xz=5.8.1=h208afaa_2
  - xz-tools=5.8.1=h2466b09_2
  - zstd=1.5.7=hbeecb71_2
