# Generated by conda-lock.
# platform: win-64
# input_hash: 8c70b7371b0237a513b92fda0b79230dbef094c7a634ce2d12eb904184180aa3

channels:
  - conda-forge
  - defaults
dependencies:
  - aom=3.9.1=he0c23c2_0
  - bzip2=1.0.8=h0ad9c76_8
  - ca-certificates=2025.11.12=h4c7d964_0
  - cairo=1.18.4=h5782bbf_0
  - dav1d=1.2.1=hcfcfb64_0
  - ffmpeg=6.1.2=gpl_h63b3451_706
  - font-ttf-dejavu-sans-mono=2.37=hab24e00_0
  - font-ttf-inconsolata=3.000=h77eed37_0
  - font-ttf-source-code-pro=2.038=h77eed37_0
  - font-ttf-ubuntu=0.83=h77eed37_3
  - fontconfig=2.15.0=h765892d_1
  - fonts-conda-ecosystem=1=0
  - fonts-conda-forge=1=hc364b38_1
  - freetype=2.14.1=h57928b3_0
  - giflib=5.2.2=h64bf75a_0
  - git=2.51.2=h57928b3_0
  - graphite2=1.3.14=hac47afa_2
  - harfbuzz=12.2.0=h5f2951f_0
  - icu=75.1=he0c23c2_0
  - lame=3.100=hcfcfb64_1003
  - lerc=4.0.0=h6470a55_1
  - libdeflate=1.25=h51727cc_0
  - libexpat=2.7.1=hac47afa_0
  - libffi=3.5.2=h52bdfb6_0
  - libfreetype=2.14.1=h57928b3_0
  - libfreetype6=2.14.1=hdbac1cb_0
  - libglib=2.86.1=hd9c3897_2
  - libiconv=1.18=hc1393d2_2
  - libintl=0.22.5=h5728263_3
  - libjpeg-turbo=3.1.2=hfd05255_0
  - liblzma=5.8.1=h2466b09_2
  - liblzma-devel=5.8.1=h2466b09_2
  - libogg=1.3.5=h2466b09_1
  - libopus=1.5.2=h2466b09_0
  - libpng=1.6.50=h7351971_1
  - libsqlite=3.51.0=hf5d6505_0
  - libtiff=4.7.1=h8f73337_1
  - libvorbis=1.3.7=h5112557_2
  - libwebp=1.6.0=h4d5522a_0
  - libwebp-base=1.6.0=h4d5522a_0
  - libxml2=2.13.9=h741aa76_0
  - libzlib=1.3.1=h2466b09_2
  - lua=5.4.8=h1839187_1
  - nodejs=24.9.0=he453025_0
  - openh264=2.4.1=h63175ca_0
  - openjpeg=2.5.4=h24db6dd_0
  - openssl=3.6.0=h725018a_0
  - pandoc=3.8.2.1=h57928b3_0
  - pcre2=10.46=h3402e2f_0
  - pip=25.3=pyh8b19718_0
  - pixman=0.46.4=h5112557_1
  - python=3.11.14=h0159041_2_cpython
  - setuptools=80.9.0=pyhff2d567_0
  - svt-av1=2.3.0=he0c23c2_0
  - tk=8.6.13=h2c6b04d_3
  - tzdata=2025b=h78e105d_0
  - ucrt=10.0.26100.0=h57928b3_0
  - uv=0.9.9=h3bd95fe_0
  - vc=14.3=h2b53caa_32
  - vc14_runtime=14.44.35208=h818238b_32
  - vcomp14=14.44.35208=h818238b_32
  - vs2015_runtime=14.44.35208=h38c0c73_32
  - wheel=0.45.1=pyhd8ed1ab_1
  - x264=1!164.3095=h8ffe710_2
  - x265=3.5=h2d74725_3
  - xz=5.8.1=h208afaa_2
  - xz-tools=5.8.1=h2466b09_2
  - zstd=1.5.7=hbeecb71_2
