# Generated by micromamba env export.
# platform: win-64

channels:
  - conda-forge
dependencies:
  - aom=3.9.1=he0c23c2_0
  - bzip2=1.0.8=h0ad9c76_9
  - ca-certificates=2026.2.25=h4c7d964_0
  - cairo=1.18.4=h477c42c_1
  - dav1d=1.2.1=hcfcfb64_0
  - ffmpeg=6.1.2=gpl_h63b3451_706
  - font-ttf-dejavu-sans-mono=2.37=hab24e00_0
  - font-ttf-inconsolata=3.000=h77eed37_0
  - font-ttf-source-code-pro=2.038=h77eed37_0
  - font-ttf-ubuntu=0.83=h77eed37_3
  - fontconfig=2.17.1=hd47e2ca_0
  - fonts-conda-ecosystem=1=0
  - fonts-conda-forge=1=hc364b38_1
  - freetype=2.14.2=h57928b3_0
  - giflib=5.2.2=h64bf75a_0
  - git=2.53.0=h57928b3_0
  - graphite2=1.3.14=hac47afa_2
  - harfbuzz=13.2.0=h5a1b470_0
  - icu=78.3=h637d24d_0
  - lame=3.100=hcfcfb64_1003
  - lerc=4.1.0=hd936e49_0
  - libdeflate=1.25=h51727cc_0
  - libexpat=2.7.4=hac47afa_0
  - libffi=3.5.2=h3d046cb_0
  - libfreetype=2.14.2=h57928b3_0
  - libfreetype6=2.14.2=hdbac1cb_0
  - libglib=2.86.4=h0c9aed9_1
  - libiconv=1.18=hc1393d2_2
  - libintl=0.22.5=h5728263_3
  - libjpeg-turbo=3.1.2=hfd05255_0
  - liblzma=5.8.2=hfd05255_0
  - liblzma-devel=5.8.2=hfd05255_0
  - libogg=1.3.5=h2466b09_1
  - libopus=1.6.1=h6a83c73_0
  - libpng=1.6.55=h7351971_0
  - libsqlite=3.52.0=hf5d6505_0
  - libtiff=4.7.1=h8f73337_1
  - libvorbis=1.3.7=h5112557_2
  - libwebp=1.6.0=h4d5522a_0
  - libwebp-base=1.6.0=h4d5522a_0
  - libxml2=2.13.9=h741aa76_0
  - libzlib=1.3.2=hfd05255_2
  - lua=5.5.0=h6a83c73_0
  - nodejs=25.7.0=h80d1838_0
  - openh264=2.4.1=h63175ca_0
  - openjpeg=2.5.4=h0e57b4f_0
  - openssl=3.6.1=hf411b9b_1
  - packaging=26.0=pyhcf101f3_0
  - pandoc=3.9.0.2=h57928b3_0
  - pcre2=10.47=hd2b5f0e_0
  - pip=26.0.1=pyh8b19718_0
  - pixman=0.46.4=h5112557_1
  - python=3.11.15=h0159041_0_cpython
  - setuptools=82.0.1=pyh332efcf_0
  - svt-av1=2.3.0=he0c23c2_0
  - tk=8.6.13=h6ed50ae_3
  - tzdata=2025c=hc9c84f9_1
  - ucrt=10.0.26100.0=h57928b3_0
  - uv=0.10.12=hd149a40_0
  - vc=14.3=h41ae7f8_34
  - vc14_runtime=14.44.35208=h818238b_34
  - vcomp14=14.44.35208=h818238b_34
  - vs2015_runtime=14.44.35208=h38c0c73_34
  - wheel=0.46.3=pyhd8ed1ab_0
  - x264=1!164.3095=h8ffe710_2
  - x265=3.5=h2d74725_3
  - xz=5.8.2=hb6c8415_0
  - xz-tools=5.8.2=hfd05255_0
  - zstd=1.5.7=h534d264_6
